     0/999     3.38G   0.08597    0.0864         0    0.1724        47       640         0         0         0         0         0         0         0
     1/999     3.38G    0.0688   0.07314         0    0.1419        39       640         0         0         0         0         0         0         0
     2/999     3.38G   0.05702   0.06994         0     0.127        43       640         0         0         0         0         0         0         0
     3/999     3.38G    0.0539   0.06809         0     0.122        29       640   0.04477    0.4144    0.2434    0.0494   0.07509   0.09763         0
     4/999     3.12G   0.04793   0.06136         0    0.1093        34       640    0.2507    0.8859    0.8311     0.337   0.04737   0.05341         0
     5/999     3.12G   0.04531   0.05974         0     0.105        39       640    0.4455    0.9715     0.927    0.4408   0.03985    0.0334         0
     6/999     3.12G   0.04032   0.05662         0   0.09694        24       640    0.5945    0.9625    0.9417    0.4907   0.03712   0.03489         0
     7/999     3.12G    0.0373   0.05353         0   0.09083        27       640    0.4462    0.9835    0.9723    0.4469    0.0379   0.03331         0
     8/999     3.12G   0.03287   0.05195         0   0.08481        44       640    0.2391     0.973    0.9414    0.5495   0.03069   0.05071         0
     9/999     3.12G   0.03145   0.05048         0   0.08193        26       640    0.5558    0.9895     0.976    0.5497    0.0324   0.03026         0
    10/999     3.12G   0.02983   0.05033         0   0.08017        36       640    0.7348    0.9925    0.9841    0.6041   0.02812   0.02622         0
    11/999     3.12G   0.02852   0.04843         0   0.07695        28       640    0.7571     0.994    0.9893    0.6549   0.02601    0.0256         0
    12/999     3.12G   0.02736   0.04752         0   0.07488        43       640    0.7887    0.9925     0.991    0.6651   0.02491   0.02451         0
    13/999     3.12G   0.02636   0.04723         0   0.07359        42       640    0.7566     0.994    0.9908    0.6619    0.0253   0.02459         0
    14/999     3.12G   0.02561   0.04707         0   0.07268        34       640    0.7602    0.9895    0.9898    0.6956   0.02225   0.02381         0
    15/999     3.12G   0.02498   0.04513         0   0.07012        20       640      0.77         1    0.9915    0.6821   0.02391   0.02356         0
    16/999     3.12G   0.02439   0.04418         0   0.06857        32       640    0.7458    0.9925    0.9902    0.6708   0.02398   0.02502         0
    17/999     3.12G   0.02429   0.04506         0   0.06935        28       640    0.7987    0.9925    0.9909    0.6849   0.02337   0.02335         0
    18/999     3.12G   0.02413   0.04406         0   0.06819        26       640    0.7202     0.994    0.9891    0.6736   0.02356   0.02441         0
    19/999     3.12G   0.02377   0.04307         0   0.06684        22       640    0.6555    0.9955    0.9917    0.6893   0.02224    0.0232         0
    20/999     3.12G    0.0234   0.04407         0   0.06747        34       640    0.6921    0.9985     0.991    0.7027   0.02186   0.02329         0
    21/999     3.12G   0.02311    0.0426         0   0.06571        47       640    0.7445    0.9925    0.9914    0.6477   0.02401   0.02328         0
    22/999     3.12G   0.02295   0.04305         0     0.066        30       640    0.5476    0.9895    0.9879    0.6713   0.02349   0.02625         0
    23/999     3.12G   0.02245    0.0428         0   0.06525        34       640    0.7944     0.992    0.9908    0.7383    0.0199   0.02236         0
    24/999     3.12G   0.02208   0.04205         0   0.06413        34       640    0.7233    0.9925    0.9899    0.7036   0.02134   0.02286         0
    25/999     3.12G   0.02168   0.04235         0   0.06403        39       640    0.8219    0.9925    0.9932    0.6685    0.0239   0.02384         0
    26/999     3.12G   0.02208   0.04065         0   0.06272        32       640    0.7574     0.994    0.9879       0.7   0.02146    0.0237         0
    27/999     3.12G   0.02115   0.04123         0   0.06238        39       640    0.6397    0.9955    0.9897    0.6797   0.02285   0.02365         0
    28/999     3.12G   0.02149    0.0412         0   0.06269        35       640     0.666     0.997      0.99    0.7069   0.02159   0.02331         0
    29/999     3.12G   0.02121   0.04049         0    0.0617        30       640    0.7613     0.988    0.9878    0.7178   0.02073   0.02302         0
    30/999     3.12G   0.02093   0.04108         0   0.06201        34       640    0.7757    0.9955    0.9921    0.6721   0.02273   0.02253         0
    31/999     3.12G   0.02114   0.04121         0   0.06235        29       640    0.5984    0.9955    0.9906    0.7048   0.02122     0.024         0
    32/999     3.12G   0.02063   0.04101         0   0.06164        47       640    0.6944    0.9985    0.9918    0.6615    0.0229   0.02357         0
    33/999     3.12G   0.02116   0.04037         0   0.06153        36       640    0.8485     0.997    0.9924    0.7225   0.02076   0.02222         0
    34/999     3.12G   0.02043    0.0401         0   0.06053        36       640    0.8208    0.9985    0.9919     0.668    0.0226   0.02334         0
    35/999     3.12G   0.02069   0.04004         0   0.06074        36       640    0.6875    0.9985    0.9905    0.6816    0.0225   0.02364         0
    36/999     3.12G   0.02017   0.03915         0   0.05932        33       640    0.7953     0.997    0.9915    0.6807   0.02214   0.02248         0
    37/999     3.12G   0.02029   0.03971         0      0.06        25       640    0.7728    0.9985    0.9926    0.7013   0.02169   0.02225         0
    38/999     3.12G   0.01998   0.03945         0   0.05943        29       640    0.8267    0.9955    0.9931    0.6902   0.02207   0.02211         0
    39/999     3.12G   0.01985    0.0396         0   0.05946        35       640    0.7885         1    0.9926    0.7091   0.02112   0.02245         0
    40/999     3.12G   0.02012   0.03999         0   0.06011        36       640    0.8052         1     0.993    0.7188   0.02072   0.02221         0
    41/999     3.12G   0.01995   0.03963         0   0.05957        30       640    0.6552    0.9985    0.9876    0.6731   0.02318   0.02547         0
    42/999     3.12G   0.02017   0.03945         0   0.05961        33       640    0.8093    0.9985    0.9917    0.7162   0.02082   0.02226         0
    43/999     3.12G   0.01943   0.03911         0   0.05854        36       640    0.8341     0.997    0.9931    0.6995   0.02149   0.02193         0
    44/999     3.12G   0.01928   0.03832         0    0.0576        31       640    0.8717         1    0.9936    0.7039   0.02122    0.0219         0
    45/999     3.12G   0.01877   0.03839         0   0.05716        34       640    0.7788         1    0.9934    0.6805   0.02248   0.02294         0
    46/999     3.12G   0.01961   0.03835         0   0.05796        41       640    0.7897     0.997    0.9927    0.7128   0.02091   0.02227         0
    47/999     3.12G   0.01901   0.03846         0   0.05747        33       640    0.8084    0.9985     0.993    0.6775   0.02259   0.02318         0
    48/999     3.12G   0.01904   0.03828         0   0.05732        32       640    0.7014    0.9985    0.9919    0.6916   0.02175   0.02349         0
    49/999     3.12G   0.01906   0.03828         0   0.05734        32       640    0.7363     0.997    0.9914    0.6921     0.022   0.02264         0
    50/999     3.12G     0.019   0.03811         0   0.05711        49       640    0.7711    0.9985    0.9929    0.7262   0.02027   0.02214         0
    51/999     3.12G   0.01845   0.03738         0   0.05583        30       640    0.8873    0.9985    0.9941    0.7156   0.02063   0.02161         0
    52/999     3.12G   0.01873   0.03858         0   0.05731        47       640    0.7892    0.9985    0.9923    0.7058   0.02173    0.0225         0
    53/999     3.12G    0.0186   0.03796         0   0.05656        33       640    0.7598         1    0.9924    0.7141   0.02075   0.02232         0
    54/999     3.12G   0.01852   0.03745         0   0.05597        29       640    0.8162     0.997    0.9924    0.7307   0.01997   0.02187         0
    55/999     3.12G   0.01867   0.03798         0   0.05665        27       640    0.8118         1    0.9935     0.714   0.02115   0.02172         0
    56/999     3.12G   0.01867   0.03853         0   0.05721        28       640     0.693    0.9985    0.9934    0.6997   0.02086   0.02208         0
    57/999     3.12G   0.01841   0.03769         0    0.0561        26       640    0.8184    0.9985    0.9941    0.7153   0.02075   0.02184         0
    58/999     3.12G   0.01861   0.03736         0   0.05597        33       640     0.833     0.997    0.9926     0.733   0.02012   0.02182         0
    59/999     3.12G   0.01825   0.03688         0   0.05513        44       640    0.8663         1    0.9942    0.7207   0.02045   0.02165         0
    60/999     3.12G   0.01853   0.03725         0   0.05578        39       640    0.8135    0.9985    0.9937    0.7346   0.01987   0.02158         0
    61/999     3.12G   0.01822   0.03779         0   0.05601        26       640    0.8252    0.9985    0.9928    0.7281   0.02001   0.02168         0
    62/999     3.12G   0.01829   0.03794         0   0.05623        31       640    0.7685    0.9985    0.9923    0.6974   0.02135   0.02213         0
    63/999     3.12G   0.01839   0.03695         0   0.05533        35       640    0.7544         1    0.9927    0.7349   0.01959   0.02183         0
    64/999     3.12G   0.01799   0.03689         0   0.05488        30       640    0.7748         1    0.9939    0.7311   0.01972   0.02184         0
    65/999     3.12G   0.01793   0.03735         0   0.05528        23       640    0.7198     0.997    0.9933    0.7152   0.02011   0.02201         0
    66/999     3.12G   0.01825   0.03696         0   0.05521        33       640    0.7721     0.997    0.9929    0.7353   0.01985    0.0218         0
    67/999     3.12G    0.0178    0.0354         0   0.05321        37       640    0.8297    0.9955    0.9936    0.7104   0.02094   0.02143         0
    68/999     3.12G   0.01816   0.03638         0   0.05454        34       640    0.5621    0.9955    0.9915    0.6617    0.0227   0.02483         0
    69/999     3.12G   0.01825   0.03662         0   0.05486        40       640     0.882    0.9985    0.9944     0.743   0.01952   0.02135         0
    70/999     3.12G   0.01815   0.03654         0   0.05469        39       640    0.8854     0.997    0.9934     0.734   0.01983   0.02105         0
    71/999     3.12G    0.0174   0.03703         0   0.05443        42       640    0.8139     0.997    0.9934    0.7234   0.02026   0.02163         0
    72/999     3.12G   0.01776   0.03724         0   0.05501        27       640    0.8601    0.9955    0.9934    0.7161   0.02023   0.02148         0
    73/999     3.12G   0.01781   0.03606         0   0.05388        51       640    0.7825     0.997    0.9933    0.7182   0.02021   0.02134         0
    74/999     3.12G   0.01747   0.03632         0   0.05379        44       640    0.8523    0.9985     0.994    0.7187   0.02037   0.02087         0
    75/999     3.12G   0.01755   0.03658         0   0.05413        32       640     0.739    0.9985    0.9914    0.7065   0.02086   0.02296         0
    76/999     3.12G   0.01748   0.03591         0   0.05339        31       640    0.8682    0.9985    0.9942    0.7452   0.01906    0.0206         0
    77/999     3.12G   0.01763   0.03606         0   0.05368        34       640    0.7558    0.9985    0.9938     0.727   0.01996   0.02137         0
    78/999     3.12G   0.01761   0.03626         0   0.05388        35       640    0.7994         1    0.9917    0.7258    0.0201   0.02132         0
    79/999     3.12G   0.01732   0.03578         0    0.0531        36       640    0.8043         1     0.994    0.7215   0.02041   0.02162         0
    80/999     3.12G   0.01755   0.03567         0   0.05322        25       640    0.7105    0.9985    0.9925    0.7214   0.02038   0.02228         0
    81/999     3.12G   0.01733   0.03539         0   0.05272        26       640    0.8536         1    0.9942    0.7409   0.01948   0.02142         0
    82/999     3.12G   0.01738   0.03568         0   0.05306        36       640    0.8073         1    0.9919    0.7143    0.0205   0.02121         0
    83/999     3.12G   0.01751    0.0359         0   0.05342        20       640    0.8311    0.9985    0.9939    0.7279   0.01984   0.02086         0
    84/999     3.12G   0.01688   0.03598         0   0.05286        40       640    0.8756    0.9985    0.9936    0.7085   0.02099   0.02195         0
    85/999     3.12G    0.0171   0.03587         0   0.05298        31       640    0.8508    0.9955    0.9934    0.7339   0.01955   0.02078         0
    86/999     3.12G   0.01681   0.03534         0   0.05215        26       640    0.8645    0.9985    0.9948    0.7462   0.01944   0.02105         0
    87/999     3.12G   0.01743   0.03531         0   0.05273        39       640    0.8546    0.9985    0.9943    0.7294   0.01962   0.02084         0
    88/999     3.12G   0.01706   0.03583         0   0.05289        39       640    0.8025    0.9955    0.9932    0.7212   0.02001   0.02183         0
    89/999     3.12G   0.01699   0.03572         0   0.05272        33       640    0.8433    0.9985     0.994    0.7238   0.01966    0.0213         0
    90/999     3.12G   0.01678   0.03567         0   0.05245        36       640    0.8716         1    0.9943    0.7263   0.01985    0.0211         0
    91/999     3.12G   0.01684   0.03563         0   0.05247        36       640    0.7929     0.997    0.9937    0.7188   0.01959   0.02102         0
    92/999     3.12G   0.01684   0.03554         0   0.05238        46       640    0.8388     0.997    0.9933    0.7265   0.01966   0.02143         0
    93/999     3.12G   0.01664   0.03571         0   0.05234        25       640    0.8157    0.9985    0.9938    0.7327   0.01971   0.02107         0
    94/999     3.12G   0.01718   0.03474         0   0.05191        36       640    0.8306         1    0.9941    0.7351   0.01931   0.02096         0
    95/999     3.12G   0.01682   0.03536         0   0.05218        35       640    0.7931         1    0.9934    0.7279   0.01951   0.02181         0
    96/999     3.12G   0.01693   0.03499         0   0.05192        38       640    0.8246     0.997    0.9933    0.7295   0.01966   0.02122         0
    97/999     3.12G    0.0167   0.03535         0   0.05205        34       640    0.8581         1    0.9948    0.7319   0.02007   0.02128         0
    98/999     3.12G   0.01703   0.03531         0   0.05233        36       640    0.7822         1    0.9947    0.7317   0.01942   0.02094         0
    99/999     3.12G   0.01711   0.03446         0   0.05158        30       640    0.8606         1    0.9948    0.7202   0.02022    0.0213         0
   100/999     3.12G   0.01693   0.03549         0   0.05242        52       640    0.8743    0.9985    0.9942    0.7424   0.01915    0.0207         0
   101/999     3.12G   0.01643     0.035         0   0.05143        44       640    0.8302         1    0.9931    0.7384   0.01912   0.02088         0
   102/999     3.12G   0.01662   0.03557         0    0.0522        33       640     0.842         1    0.9948    0.7298   0.01957   0.02116         0
   103/999     3.12G   0.01647   0.03517         0   0.05164        35       640    0.8632         1    0.9937    0.7318   0.01945   0.02084         0
   104/999     3.12G    0.0165   0.03492         0   0.05142        30       640    0.8112         1    0.9943    0.7369   0.01973   0.02096         0
   105/999     3.12G   0.01667    0.0353         0   0.05197        31       640    0.7894    0.9985    0.9934    0.7337    0.0194   0.02087         0
   106/999     3.12G   0.01646   0.03456         0   0.05102        28       640    0.7952    0.9985    0.9937    0.7336   0.01943   0.02139         0
   107/999     3.12G   0.01684   0.03444         0   0.05128        34       640    0.8145         1    0.9945    0.7405   0.01898   0.02058         0
   108/999     3.12G   0.01631   0.03545         0   0.05176        30       640    0.7689         1    0.9937    0.7233   0.01967   0.02167         0
   109/999     3.12G   0.01626   0.03396         0   0.05022        33       640    0.7554    0.9985    0.9942    0.7396   0.01926   0.02137         0
   110/999     3.12G   0.01664   0.03489         0   0.05153        35       640    0.8566         1    0.9949    0.7384   0.01955   0.02073         0
   111/999     3.12G   0.01613   0.03371         0   0.04984        35       640     0.808         1    0.9936    0.7364   0.01909   0.02074         0
   112/999     3.12G   0.01616   0.03463         0   0.05079        40       640    0.8301         1    0.9933    0.7288   0.01949    0.0205         0
   113/999     3.12G   0.01648   0.03455         0   0.05102        28       640    0.8556         1    0.9937    0.7396   0.01948   0.02075         0
   114/999     3.12G   0.01632   0.03425         0   0.05057        25       640    0.8715         1    0.9952    0.7364   0.01945   0.02065         0
   115/999     3.12G   0.01658   0.03437         0   0.05095        30       640    0.8612         1    0.9946    0.7468   0.01893    0.0206         0
   116/999     3.12G   0.01635   0.03513         0   0.05149        28       640    0.8829    0.9985    0.9947    0.7321   0.01988    0.0209         0
   117/999     3.12G   0.01652   0.03479         0   0.05131        36       640    0.8632    0.9985    0.9943    0.7335    0.0194   0.02056         0
   118/999     3.12G   0.01604   0.03479         0   0.05082        36       640    0.8185    0.9985     0.994    0.7421   0.01912   0.02059         0
   119/999     3.12G   0.01601   0.03476         0   0.05077        32       640    0.8612         1    0.9945    0.7478   0.01904   0.02055         0
   120/999     3.12G   0.01606   0.03555         0   0.05161        33       640     0.839         1    0.9945    0.7364   0.01931   0.02105         0
   121/999     3.12G   0.01598   0.03412         0    0.0501        34       640    0.8401    0.9985    0.9946    0.7317   0.01941   0.02099         0
   122/999     3.12G   0.01649   0.03435         0   0.05084        36       640    0.8797    0.9985    0.9949    0.7407   0.01895    0.0204         0
   123/999     3.12G   0.01627   0.03426         0   0.05052        41       640    0.8197    0.9985     0.994    0.7436   0.01908   0.02096         0
   124/999     3.12G   0.01633     0.035         0   0.05132        35       640    0.8153     0.997    0.9934    0.7442   0.01889   0.02054         0
   125/999     3.12G   0.01601   0.03433         0   0.05033        29       640     0.881         1    0.9944    0.7372   0.01928   0.02075         0
   126/999     3.12G   0.01607   0.03406         0   0.05013        21       640    0.8863    0.9985    0.9946    0.7409   0.01927   0.02071         0
   127/999     3.12G   0.01581   0.03422         0   0.05002        45       640    0.8963    0.9985    0.9946    0.7475   0.01934   0.02074         0
   128/999     3.12G   0.01589   0.03423         0   0.05012        39       640    0.8571         1    0.9947    0.7474   0.01892   0.02048         0
   129/999     3.12G   0.01613   0.03457         0    0.0507        38       640    0.8394         1    0.9943    0.7414   0.01894   0.02065         0
   130/999     3.12G   0.01582    0.0345         0   0.05031        33       640     0.865         1     0.994    0.7313   0.01962   0.02091         0
   131/999     3.12G    0.0159   0.03507         0   0.05097        36       640    0.8939         1    0.9945    0.7403   0.01933   0.02039         0
   132/999     3.12G   0.01589   0.03398         0   0.04986        35       640    0.8459         1    0.9937    0.7467   0.01869   0.02017         0
   133/999     3.12G   0.01612   0.03419         0   0.05031        43       640    0.8625    0.9985    0.9946    0.7399   0.01926   0.02044         0
   134/999     3.12G   0.01604   0.03399         0   0.05003        32       640    0.8865    0.9985    0.9945    0.7408    0.0194    0.0209         0
   135/999     3.12G   0.01583   0.03442         0   0.05025        34       640    0.8591         1     0.993    0.7476   0.01871   0.02056         0
   136/999     3.12G   0.01594   0.03379         0   0.04973        46       640    0.8548    0.9985     0.994    0.7478   0.01898   0.02083         0
   137/999     3.12G   0.01589   0.03306         0   0.04895        36       640    0.8378         1    0.9949    0.7403   0.01932   0.02087         0
   138/999     3.12G    0.0157   0.03383         0   0.04952        37       640    0.8647         1    0.9948    0.7368   0.01926   0.02079         0
   139/999     3.12G   0.01578   0.03365         0   0.04943        36       640    0.8643         1    0.9948    0.7423   0.01928   0.02046         0
   140/999     3.12G    0.0154   0.03353         0   0.04893        39       640    0.8575         1    0.9949    0.7402   0.01921   0.02071         0
   141/999     3.12G   0.01596   0.03333         0    0.0493        44       640    0.7838         1    0.9941    0.7334   0.01934   0.02091         0
   142/999     3.12G   0.01576   0.03401         0   0.04977        34       640    0.8023         1    0.9942    0.7351   0.01909   0.02083         0
   143/999     3.12G   0.01566   0.03367         0   0.04933        32       640    0.8596         1    0.9937    0.7366   0.01891   0.02058         0
   144/999     3.12G   0.01584   0.03426         0    0.0501        35       640     0.871         1    0.9943    0.7374   0.01933   0.02069         0
   145/999     3.12G   0.01555   0.03347         0   0.04901        32       640     0.888         1    0.9948    0.7412   0.01919   0.02069         0
   146/999     3.12G   0.01566   0.03398         0   0.04964        39       640    0.8432    0.9985    0.9939    0.7308   0.01958   0.02083         0
   147/999     3.12G   0.01546   0.03375         0   0.04921        39       640     0.838    0.9985    0.9943    0.7345    0.0195   0.02088         0
   148/999     3.12G   0.01566   0.03399         0   0.04966        26       640    0.8546    0.9985    0.9944    0.7496   0.01876   0.02039         0
   149/999     3.12G   0.01559   0.03355         0   0.04914        35       640    0.8304    0.9985    0.9942    0.7392   0.01905   0.02106         0
   150/999     3.12G   0.01547   0.03413         0    0.0496        34       640    0.9011    0.9985     0.994    0.7425   0.01924   0.02072         0
   151/999     3.12G   0.01564   0.03357         0   0.04921        39       640    0.8705    0.9985    0.9937    0.7467   0.01899   0.02065         0
   152/999     3.12G   0.01585    0.0334         0   0.04925        48       640    0.8629    0.9985     0.994    0.7485   0.01893   0.02027         0
   153/999     3.12G   0.01554   0.03434         0   0.04988        28       640    0.8592    0.9985    0.9936    0.7414   0.01911   0.02041         0
   154/999     3.12G   0.01556   0.03348         0   0.04903        43       640    0.8505    0.9985    0.9936    0.7352   0.01936   0.02064         0
   155/999     3.12G   0.01541   0.03341         0   0.04881        44       640    0.8658    0.9985    0.9944    0.7424    0.0192   0.02042         0
   156/999     3.12G   0.01543   0.03348         0   0.04891        31       640    0.8797    0.9985    0.9948    0.7511   0.01876   0.02024         0
   157/999     3.12G    0.0157   0.03347         0   0.04917        25       640    0.8495         1    0.9944    0.7528   0.01846   0.02014         0
   158/999     3.12G   0.01575   0.03334         0   0.04909        30       640    0.8317    0.9985    0.9944    0.7414     0.019   0.02055         0
   159/999     3.12G   0.01542   0.03395         0   0.04937        34       640     0.845    0.9985    0.9942    0.7388   0.01907    0.0206         0
   160/999     3.12G   0.01547   0.03369         0   0.04916        29       640    0.8317    0.9985    0.9935    0.7387   0.01933   0.02093         0
   161/999     3.12G   0.01554   0.03427         0   0.04981        46       640    0.8354    0.9985    0.9942    0.7385   0.01901   0.02055         0
   162/999     3.12G   0.01534   0.03347         0   0.04881        34       640    0.8593    0.9985    0.9946    0.7545   0.01851   0.02048         0
   163/999     3.12G    0.0155   0.03317         0   0.04867        28       640    0.8812    0.9985    0.9949    0.7528   0.01875   0.02046         0
   164/999     3.12G   0.01561   0.03299         0   0.04861        39       640    0.8848    0.9985    0.9947    0.7613   0.01826   0.02039         0
   165/999     3.12G    0.0152   0.03299         0   0.04818        44       640    0.8827    0.9985    0.9947    0.7576   0.01861   0.02034         0
   166/999     3.12G   0.01543   0.03295         0   0.04838        35       640    0.8518    0.9985    0.9945    0.7501   0.01869   0.02051         0
   167/999     3.12G   0.01542   0.03279         0   0.04821        34       640    0.8692    0.9985    0.9945    0.7525   0.01864   0.02053         0
   168/999     3.12G   0.01559   0.03339         0   0.04897        27       640     0.883         1    0.9949    0.7454   0.01894   0.02049         0
   169/999     3.12G    0.0152   0.03333         0   0.04852        29       640    0.8987         1    0.9949     0.756   0.01871   0.02028         0
   170/999     3.12G   0.01547   0.03344         0   0.04892        37       640    0.8692         1    0.9942    0.7477   0.01855   0.02043         0
   171/999     3.12G   0.01565   0.03306         0   0.04871        28       640    0.8525         1     0.994    0.7461   0.01867   0.02061         0
   172/999     3.12G   0.01519   0.03399         0   0.04918        32       640    0.8759    0.9985    0.9944    0.7483   0.01882   0.02041         0
   173/999     3.12G   0.01539     0.033         0   0.04839        47       640    0.8534         1    0.9941    0.7488   0.01874   0.02036         0
   174/999     3.12G    0.0155   0.03258         0   0.04808        49       640    0.8683         1    0.9943    0.7537    0.0184    0.0201         0
   175/999     3.12G   0.01509   0.03374         0   0.04882        33       640    0.8741         1    0.9943    0.7539   0.01839   0.02003         0
   176/999     3.12G   0.01538   0.03321         0   0.04859        26       640    0.8557    0.9985    0.9943    0.7555   0.01834   0.02016         0
   177/999     3.12G    0.0156   0.03365         0   0.04925        40       640    0.8704    0.9985    0.9946    0.7552   0.01846   0.02018         0
   178/999     3.12G   0.01521   0.03313         0   0.04834        43       640    0.8409    0.9985    0.9944    0.7531   0.01843   0.02025         0
   179/999     3.12G   0.01538   0.03252         0    0.0479        29       640    0.8642    0.9985    0.9941     0.752   0.01852   0.02024         0
   180/999     3.12G   0.01546    0.0332         0   0.04867        36       640    0.8665    0.9985    0.9942    0.7605   0.01832   0.02008         0
   181/999     3.12G   0.01501   0.03361         0   0.04861        31       640    0.8409    0.9985    0.9945    0.7487   0.01859   0.02034         0
   182/999     3.12G   0.01515   0.03236         0   0.04752        30       640    0.8438         1    0.9944    0.7527   0.01854   0.02048         0
   183/999     3.12G   0.01529   0.03398         0   0.04927        33       640    0.8202    0.9985    0.9937     0.746   0.01869   0.02056         0
   184/999     3.12G   0.01529    0.0335         0   0.04879        39       640    0.8284    0.9985    0.9945    0.7499   0.01872   0.02069         0
   185/999     3.12G   0.01533   0.03245         0   0.04778        34       640    0.8591    0.9985    0.9943    0.7522   0.01863   0.02045         0
   186/999     3.12G   0.01501   0.03285         0   0.04786        24       640    0.8332    0.9985    0.9938    0.7474   0.01867   0.02048         0
   187/999     3.12G   0.01551   0.03329         0    0.0488        27       640    0.8589    0.9985    0.9943    0.7441    0.0189   0.02038         0
   188/999     3.12G   0.01497   0.03299         0   0.04796        31       640    0.8628    0.9985    0.9946    0.7448   0.01887    0.0202         0
   189/999     3.12G   0.01469   0.03243         0   0.04713        31       640    0.8799    0.9985    0.9947    0.7467   0.01893   0.02016         0
   190/999     3.12G   0.01486   0.03282         0   0.04768        41       640    0.8762         1    0.9946    0.7513   0.01871   0.02009         0
   191/999     3.12G   0.01502   0.03352         0   0.04854        28       640    0.8795         1    0.9941    0.7525   0.01859   0.02004         0
   192/999     3.12G   0.01476   0.03213         0   0.04689        45       640    0.8733    0.9985    0.9941    0.7534   0.01847   0.02005         0
   193/999     3.12G   0.01507   0.03285         0   0.04792        24       640    0.8816    0.9985    0.9942    0.7536   0.01842   0.02007         0
   194/999     3.12G   0.01515   0.03326         0   0.04842        44       640    0.8868    0.9985    0.9945    0.7596   0.01823   0.02013         0
   195/999     3.12G   0.01521   0.03256         0   0.04777        23       640    0.8836         1    0.9947    0.7549    0.0185   0.02022         0
   196/999     3.12G   0.01508   0.03229         0   0.04737        33       640    0.8705         1    0.9946    0.7517   0.01859   0.02036         0
   197/999     3.12G   0.01515    0.0325         0   0.04765        47       640    0.8636    0.9985    0.9942    0.7524   0.01852   0.02008         0
   198/999     3.12G   0.01494   0.03312         0   0.04806        44       640    0.8407    0.9985    0.9942    0.7495   0.01852    0.0201         0
   199/999     3.12G   0.01526   0.03277         0   0.04803        40       640    0.8322    0.9985    0.9942    0.7486   0.01865   0.02028         0
   200/999     3.12G   0.01489   0.03301         0   0.04791        47       640    0.8522         1    0.9945    0.7553   0.01845   0.02009         0
   201/999     3.12G   0.01523   0.03327         0    0.0485        34       640    0.8474    0.9985    0.9945    0.7511   0.01851   0.02015         0
   202/999     3.12G   0.01509   0.03221         0    0.0473        33       640    0.8239    0.9985    0.9944    0.7504   0.01854   0.02021         0
   203/999     3.12G   0.01514   0.03209         0   0.04724        30       640    0.8236    0.9985    0.9944    0.7526   0.01841   0.02026         0
   204/999     3.12G   0.01504   0.03287         0   0.04791        39       640     0.837    0.9985    0.9946    0.7511   0.01843   0.02019         0
   205/999     3.12G   0.01513   0.03316         0   0.04829        41       640    0.8445         1    0.9947    0.7536   0.01849   0.02031         0
   206/999     3.12G   0.01483   0.03236         0   0.04718        45       640     0.844         1    0.9947    0.7534   0.01845   0.02039         0
   207/999     3.12G   0.01482   0.03222         0   0.04704        34       640    0.8558    0.9985    0.9946    0.7503   0.01865   0.02049         0
   208/999     3.12G   0.01485   0.03318         0   0.04802        30       640    0.8729    0.9985    0.9946    0.7551    0.0185   0.02029         0
   209/999     3.12G   0.01465   0.03268         0   0.04733        29       640    0.8704    0.9985    0.9946    0.7571   0.01845   0.02024         0
   210/999     3.12G   0.01502   0.03264         0   0.04766        33       640    0.8679    0.9985    0.9944    0.7556   0.01841   0.02012         0
   211/999     3.12G   0.01496   0.03238         0   0.04734        32       640    0.8656    0.9985     0.994    0.7557   0.01835   0.02021         0
   212/999     3.12G   0.01464   0.03348         0   0.04811        36       640     0.858    0.9985    0.9939    0.7543   0.01834   0.02021         0
   213/999     3.12G   0.01483   0.03314         0   0.04797        34       640    0.8697    0.9985    0.9944    0.7579   0.01828   0.02017         0
   214/999     3.12G   0.01489   0.03322         0   0.04811        32       640    0.8563    0.9985    0.9943    0.7571   0.01835    0.0202         0
   215/999     3.12G   0.01492   0.03289         0   0.04782        49       640    0.8486    0.9985    0.9941     0.753    0.0184   0.02019         0
   216/999     3.12G   0.01464   0.03182         0   0.04646        38       640    0.8617    0.9985    0.9945    0.7581   0.01828   0.02022         0
   217/999     3.12G   0.01468   0.03162         0   0.04631        30       640     0.881         1    0.9946    0.7622   0.01831   0.02021         0
   218/999     3.12G   0.01475    0.0322         0   0.04694        29       640    0.8635         1    0.9947    0.7581   0.01831    0.0202         0
   219/999     3.12G   0.01476   0.03219         0   0.04695        37       640    0.8779         1    0.9947    0.7644   0.01815   0.01992         0
   220/999     3.12G    0.0149   0.03248         0   0.04738        34       640    0.8748         1    0.9945    0.7595   0.01831   0.02001         0
   221/999     3.12G   0.01456   0.03284         0    0.0474        31       640    0.8785         1    0.9945    0.7638   0.01819   0.02012         0
   222/999     3.12G   0.01484   0.03241         0   0.04725        31       640    0.8627    0.9985    0.9945    0.7632   0.01819   0.02023         0
   223/999     3.12G   0.01469   0.03209         0   0.04678        30       640    0.8586    0.9985    0.9947    0.7615   0.01824   0.02025         0
   224/999     3.12G    0.0149   0.03228         0   0.04718        31       640    0.8358    0.9985    0.9945    0.7578    0.0182   0.02028         0
   225/999     3.12G   0.01484   0.03262         0   0.04746        33       640     0.843    0.9985    0.9947     0.758   0.01829    0.0203         0
   226/999     3.12G   0.01507   0.03179         0   0.04686        40       640    0.8597         1    0.9948    0.7586    0.0183   0.02027         0
   227/999     3.12G    0.0151   0.03188         0   0.04698        35       640    0.8534         1    0.9947    0.7562   0.01842   0.02037         0
   228/999     3.12G   0.01494   0.03204         0   0.04699        30       640    0.8525    0.9985    0.9948    0.7563   0.01838   0.02034         0
   229/999     3.12G   0.01455   0.03232         0   0.04688        35       640    0.8535    0.9985    0.9949    0.7593   0.01827   0.02025         0
   230/999     3.12G   0.01469   0.03328         0   0.04797        37       640    0.8694    0.9985     0.995    0.7557   0.01837   0.02028         0
   231/999     3.12G   0.01473   0.03167         0    0.0464        34       640    0.8735    0.9985     0.995    0.7572   0.01832   0.02021         0
   232/999     3.12G   0.01464   0.03242         0   0.04705        28       640    0.8703    0.9985     0.995    0.7568   0.01839   0.02031         0
   233/999     3.12G   0.01468   0.03228         0   0.04696        30       640    0.8694    0.9985    0.9949    0.7574   0.01841   0.02029         0
   234/999     3.12G   0.01489   0.03243         0   0.04732        38       640    0.8578    0.9985     0.995    0.7575   0.01847   0.02026         0
   235/999     3.12G   0.01457   0.03227         0   0.04684        41       640    0.8664    0.9985     0.995    0.7564   0.01845   0.02027         0
   236/999     3.12G   0.01473   0.03259         0   0.04732        38       640     0.857    0.9985     0.995    0.7561   0.01841   0.02029         0
   237/999     3.12G    0.0144   0.03248         0   0.04689        40       640    0.8612    0.9985     0.995    0.7556   0.01836   0.02024         0
   238/999     3.12G   0.01415   0.03178         0   0.04593        41       640    0.8596         1    0.9951     0.756    0.0184   0.02029         0
   239/999     3.12G   0.01457   0.03084         0   0.04541        25       640     0.858         1    0.9951    0.7601    0.0183   0.02017         0
   240/999     3.12G   0.01473   0.03212         0   0.04686        23       640    0.8751         1     0.995    0.7566   0.01836   0.02016         0
   241/999     3.12G   0.01433   0.03202         0   0.04635        31       640    0.8617         1     0.995    0.7583   0.01832   0.02011         0
   242/999     3.12G   0.01499   0.03223         0   0.04722        39       640    0.8455         1    0.9949    0.7563   0.01834   0.02016         0
   243/999     3.12G   0.01448   0.03221         0   0.04669        39       640    0.8685    0.9985     0.995    0.7602   0.01829   0.02009         0
   244/999     3.12G   0.01453   0.03236         0   0.04689        30       640    0.8784         1    0.9951    0.7602    0.0183   0.02005         0
   245/999     3.12G   0.01473   0.03215         0   0.04688        41       640     0.888         1    0.9952    0.7625   0.01821   0.02001         0
   246/999     3.12G   0.01455   0.03222         0   0.04678        41       640    0.8845         1    0.9953    0.7595   0.01825   0.01998         0
   247/999     3.12G   0.01442   0.03225         0   0.04667        36       640    0.8859         1    0.9953    0.7628   0.01821   0.01998         0
   248/999     3.12G   0.01462   0.03181         0   0.04642        45       640    0.8837         1    0.9952    0.7618   0.01826   0.02006         0
   249/999     3.12G   0.01452   0.03224         0   0.04675        35       640    0.8832    0.9985    0.9951     0.759   0.01833   0.02007         0
   250/999     3.12G    0.0142    0.0328         0     0.047        34       640    0.8738    0.9985    0.9951    0.7607   0.01833   0.02012         0
   251/999     3.12G   0.01439   0.03213         0   0.04652        35       640    0.8681    0.9985    0.9952    0.7597   0.01839   0.02019         0
   252/999     3.12G   0.01442   0.03162         0   0.04604        39       640     0.865    0.9985    0.9952    0.7594   0.01837   0.02022         0
   253/999     3.12G   0.01463   0.03139         0   0.04602        41       640    0.8683    0.9985    0.9951    0.7583   0.01839   0.02022         0
   254/999     3.12G   0.01457   0.03281         0   0.04738        35       640    0.8775    0.9985     0.995     0.762   0.01835   0.02019         0
   255/999     3.12G   0.01457   0.03171         0   0.04628        25       640    0.8655    0.9985    0.9946    0.7598   0.01831    0.0202         0
   256/999     3.12G   0.01427   0.03155         0   0.04582        34       640    0.8651    0.9985    0.9946    0.7616   0.01827   0.02021         0
   257/999     3.12G   0.01454   0.03151         0   0.04605        35       640    0.8661    0.9985    0.9944    0.7597   0.01824   0.02026         0
   258/999     3.12G   0.01442   0.03204         0   0.04646        32       640    0.8711         1    0.9943    0.7629   0.01811   0.02016         0
   259/999     3.12G   0.01474   0.03183         0   0.04657        47       640    0.8677         1    0.9944    0.7641    0.0181    0.0202         0
   260/999     3.12G   0.01444   0.03189         0   0.04633        45       640    0.8752         1    0.9946    0.7641   0.01813    0.0202         0
   261/999     3.12G   0.01467   0.03169         0   0.04635        44       640    0.8715         1    0.9946     0.762   0.01821   0.02028         0
   262/999     3.12G   0.01476   0.03196         0   0.04671        33       640    0.8716         1    0.9946    0.7618   0.01825   0.02031         0
   263/999     3.12G   0.01442   0.03189         0   0.04631        30       640    0.8682         1    0.9946    0.7614   0.01817   0.02026         0
   264/999     3.12G   0.01453   0.03285         0   0.04738        32       640    0.8711         1    0.9947    0.7617   0.01816   0.02024         0
   265/999     3.12G   0.01448   0.03258         0   0.04707        37       640    0.8725         1    0.9948    0.7614   0.01815   0.02022         0
   266/999     3.12G   0.01424   0.03223         0   0.04647        26       640    0.8602         1    0.9948    0.7622   0.01819   0.02028         0
   267/999     3.12G   0.01442   0.03141         0   0.04583        23       640    0.8636         1    0.9949     0.765   0.01815    0.0202         0
   268/999     3.12G   0.01459   0.03168         0   0.04627        37       640    0.8674    0.9985    0.9949    0.7624   0.01819    0.0202         0
   269/999     3.12G    0.0143   0.03162         0   0.04592        38       640    0.8742    0.9985    0.9949    0.7649   0.01817   0.02015         0
   270/999     3.12G   0.01424   0.03157         0   0.04581        43       640    0.8791         1    0.9949    0.7629   0.01817   0.02018         0
   271/999     3.12G   0.01441   0.03191         0   0.04632        38       640    0.8748         1    0.9949    0.7613    0.0182   0.02021         0
   272/999     3.12G   0.01411   0.03153         0   0.04564        36       640    0.8772         1     0.995    0.7645   0.01817   0.02017         0
   273/999     3.12G   0.01426   0.03138         0   0.04564        30       640    0.8752    0.9985    0.9951    0.7651   0.01814   0.02013         0
   274/999     3.12G   0.01431   0.03117         0   0.04548        27       640    0.8815    0.9985    0.9952    0.7646   0.01816   0.02012         0
   275/999     3.12G   0.01434   0.03123         0   0.04556        22       640     0.881    0.9985    0.9953    0.7653   0.01812   0.02009         0
   276/999     3.12G   0.01426   0.03194         0    0.0462        35       640    0.8783    0.9985    0.9953    0.7645   0.01807   0.02006         0
   277/999     3.12G    0.0145   0.03139         0   0.04589        33       640    0.8791    0.9985    0.9953    0.7637   0.01808   0.02005         0
   278/999     3.12G   0.01414   0.03177         0    0.0459        24       640    0.8771    0.9985    0.9953    0.7638    0.0181   0.02009         0
   279/999     3.12G   0.01443   0.03269         0   0.04712        30       640    0.8717    0.9985    0.9952    0.7635   0.01808   0.02015         0
   280/999     3.12G   0.01402   0.03179         0   0.04581        34       640    0.8712    0.9985    0.9951    0.7658   0.01803   0.02015         0
   281/999     3.12G   0.01418   0.03151         0   0.04569        26       640    0.8778    0.9985    0.9951    0.7666   0.01801   0.02016         0
   282/999     3.12G   0.01438   0.03228         0   0.04666        27       640    0.8811         1     0.995    0.7675   0.01801   0.02018         0
   283/999     3.12G   0.01438   0.03146         0   0.04584        26       640    0.8729         1     0.995     0.767   0.01801   0.02021         0
   284/999     3.12G   0.01407   0.03162         0   0.04569        43       640    0.8735         1     0.995    0.7659   0.01799   0.02024         0
   285/999     3.12G   0.01404   0.03212         0   0.04616        29       640    0.8729    0.9985     0.995    0.7683   0.01797   0.02021         0
   286/999     3.12G    0.0141   0.03224         0   0.04634        52       640     0.872         1     0.995    0.7685   0.01796   0.02024         0
   287/999     3.12G   0.01408   0.03178         0   0.04586        41       640    0.8686         1     0.995    0.7684   0.01794   0.02026         0
   288/999     3.12G   0.01409   0.03156         0   0.04565        37       640    0.8683         1    0.9951    0.7688   0.01794   0.02022         0
   289/999     3.12G   0.01404   0.03128         0   0.04532        32       640     0.868         1    0.9951    0.7654   0.01798   0.02019         0
   290/999     3.12G   0.01417   0.03102         0   0.04519        34       640    0.8709         1    0.9951    0.7655   0.01796   0.02016         0
   291/999     3.12G   0.01431   0.03125         0   0.04557        38       640    0.8694         1    0.9951    0.7669   0.01797   0.02018         0
   292/999     3.12G   0.01425   0.03133         0   0.04558        50       640    0.8692         1    0.9951    0.7662   0.01793   0.02016         0
   293/999     3.12G   0.01418   0.03147         0   0.04565        21       640    0.8706         1    0.9951    0.7667   0.01792   0.02016         0
   294/999     3.12G   0.01395   0.03126         0    0.0452        43       640    0.8725         1    0.9951    0.7675   0.01788    0.0201         0
   295/999     3.12G   0.01434   0.03091         0   0.04525        35       640    0.8703         1     0.995    0.7687   0.01789   0.02013         0
   296/999     3.12G   0.01412   0.03123         0   0.04535        40       640    0.8746         1     0.995    0.7694    0.0179   0.02013         0
   297/999     3.12G   0.01428   0.03102         0   0.04531        37       640    0.8702         1     0.995    0.7694   0.01789   0.02015         0
   298/999     3.12G   0.01444   0.03141         0   0.04584        36       640    0.8716         1     0.995    0.7688    0.0179   0.02017         0
   299/999     3.12G   0.01388   0.03085         0   0.04473        25       640    0.8779         1     0.995    0.7679   0.01788   0.02016         0
   300/999     3.12G   0.01424   0.03114         0   0.04538        38       640     0.882         1     0.995     0.766   0.01786   0.02018         0
   301/999     3.12G   0.01438   0.03108         0   0.04546        32       640    0.8827         1     0.995    0.7669   0.01788   0.02019         0
   302/999     3.12G    0.0142   0.03205         0   0.04626        39       640     0.878         1     0.995    0.7659   0.01786    0.0202         0
   303/999     3.12G   0.01413   0.03145         0   0.04558        32       640    0.8762    0.9985     0.995    0.7669   0.01786   0.02018         0
   304/999     3.12G    0.0138    0.0307         0   0.04451        44       640    0.8741    0.9985     0.995    0.7654   0.01787   0.02014         0
   305/999     3.12G   0.01395   0.03109         0   0.04504        23       640    0.8763    0.9985     0.995    0.7665   0.01786   0.02012         0
   306/999     3.12G   0.01388   0.03142         0   0.04529        32       640    0.8767    0.9985     0.995    0.7652   0.01786   0.02014         0
   307/999     3.12G   0.01392   0.03167         0   0.04558        34       640     0.878    0.9985     0.995    0.7658   0.01786   0.02011         0
   308/999     3.12G   0.01405   0.03101         0   0.04507        33       640    0.8765         1     0.995    0.7663   0.01789   0.02014         0
   309/999     3.12G   0.01418   0.03178         0   0.04596        28       640    0.8755         1     0.995     0.767    0.0179   0.02016         0
   310/999     3.12G    0.0139   0.03143         0   0.04532        38       640    0.8778         1     0.995    0.7673   0.01792   0.02016         0
   311/999     3.12G   0.01386   0.03114         0     0.045        23       640    0.8778         1     0.995    0.7666   0.01794   0.02018         0
   312/999     3.12G   0.01427   0.03146         0   0.04573        37       640    0.8795         1     0.995    0.7663   0.01794   0.02019         0
   313/999     3.12G   0.01395   0.03107         0   0.04502        31       640    0.8806         1     0.995    0.7664   0.01796   0.02021         0
   314/999     3.12G   0.01414   0.03124         0   0.04538        34       640    0.8808         1     0.995    0.7666   0.01796   0.02021         0
   315/999     3.12G   0.01427   0.03137         0   0.04564        31       640    0.8792         1     0.995     0.766   0.01798    0.0202         0
   316/999     3.12G   0.01386   0.03156         0   0.04542        34       640    0.8813         1     0.995    0.7664   0.01798   0.02021         0
   317/999     3.12G   0.01386   0.03094         0   0.04481        44       640    0.8783         1    0.9949     0.765   0.01799   0.02022         0
   318/999     3.12G   0.01375    0.0311         0   0.04485        37       640    0.8763    0.9985    0.9949    0.7655   0.01799   0.02024         0
   319/999     3.12G   0.01389   0.03131         0   0.04521        38       640    0.8778    0.9985    0.9949    0.7655   0.01799   0.02024         0
   320/999     3.12G   0.01384   0.03129         0   0.04513        26       640    0.8777    0.9985    0.9949    0.7657     0.018   0.02024         0
   321/999     3.12G   0.01384   0.03123         0   0.04507        39       640     0.878    0.9985    0.9948    0.7648     0.018   0.02026         0
   322/999     3.12G   0.01369   0.03146         0   0.04515        36       640    0.8767    0.9985    0.9948    0.7639     0.018   0.02027         0
   323/999     3.12G   0.01398   0.03131         0   0.04529        24       640    0.8779    0.9985    0.9949    0.7649   0.01798   0.02025         0
   324/999     3.12G   0.01426   0.03129         0   0.04555        33       640    0.8754    0.9985    0.9949    0.7659   0.01797   0.02024         0
   325/999     3.12G   0.01405   0.03123         0   0.04527        31       640    0.8744    0.9985    0.9948    0.7641   0.01796   0.02023         0
   326/999     3.12G   0.01412    0.0314         0   0.04552        36       640    0.8735    0.9985    0.9948    0.7638   0.01795   0.02022         0
   327/999     3.12G   0.01377   0.03124         0   0.04501        38       640    0.8742    0.9985    0.9948    0.7637   0.01794    0.0202         0
   328/999     3.12G   0.01421   0.03143         0   0.04564        38       640    0.8709    0.9985    0.9948    0.7642   0.01794   0.02021         0
   329/999     3.12G   0.01413   0.03124         0   0.04537        30       640    0.8708    0.9985    0.9948    0.7639   0.01795   0.02022         0
   330/999     3.12G   0.01397   0.03105         0   0.04502        38       640      0.87    0.9985    0.9948    0.7636   0.01794   0.02021         0
   331/999     3.12G   0.01393   0.03115         0   0.04508        38       640    0.8704    0.9985    0.9948    0.7643   0.01792   0.02019         0
   332/999     3.12G   0.01416   0.03079         0   0.04495        35       640    0.8679    0.9985    0.9948    0.7643   0.01795   0.02021         0
   333/999     3.12G   0.01407   0.03195         0   0.04602        29       640    0.8702    0.9985    0.9948    0.7638   0.01794   0.02019         0
   334/999     3.12G     0.014   0.03093         0   0.04493        39       640    0.8709    0.9985    0.9949    0.7644   0.01793   0.02019         0
   335/999     3.12G   0.01395   0.03101         0   0.04497        34       640    0.8722    0.9985    0.9948    0.7655   0.01792   0.02019         0
   336/999     3.12G   0.01363   0.03083         0   0.04447        31       640    0.8734    0.9985    0.9949    0.7659   0.01792   0.02019         0
   337/999     3.12G   0.01381   0.03099         0    0.0448        43       640    0.8711    0.9985    0.9949     0.765   0.01792   0.02018         0
   338/999     3.12G   0.01364   0.03128         0   0.04493        50       640    0.8716    0.9985    0.9949    0.7648   0.01792   0.02018         0
   339/999     3.12G   0.01376   0.03158         0   0.04534        34       640    0.8675    0.9985    0.9949    0.7653   0.01792   0.02019         0
   340/999     3.12G   0.01372   0.03068         0   0.04439        30       640    0.8672    0.9985    0.9948    0.7645   0.01792   0.02021         0
   341/999     3.12G   0.01369   0.03074         0   0.04443        33       640    0.8689    0.9985    0.9948     0.767    0.0179   0.02019         0
   342/999     3.12G   0.01379   0.03089         0   0.04468        33       640    0.8666    0.9985    0.9949    0.7673   0.01788   0.02018         0
   343/999     3.12G   0.01384   0.03061         0   0.04445        39       640     0.868    0.9985    0.9948    0.7685   0.01788   0.02017         0
   344/999     3.12G   0.01388   0.03084         0   0.04472        35       640    0.8655    0.9985    0.9949     0.767   0.01787   0.02019         0
   345/999     3.12G   0.01393   0.03122         0   0.04515        34       640     0.865    0.9985    0.9948    0.7676   0.01787    0.0202         0
   346/999     3.12G    0.0138    0.0311         0    0.0449        29       640    0.8621    0.9985    0.9948    0.7679   0.01786   0.02022         0
   347/999     3.12G    0.0135    0.0301         0    0.0436        43       640    0.8623    0.9985    0.9948    0.7679   0.01785   0.02022         0
   348/999     3.12G   0.01382   0.03052         0   0.04434        40       640    0.8606    0.9985    0.9948    0.7676   0.01785   0.02022         0
   349/999     3.12G   0.01365   0.03099         0   0.04464        40       640    0.8625    0.9985    0.9949    0.7677   0.01785   0.02022         0
   350/999     3.12G   0.01375     0.031         0   0.04475        33       640    0.8624    0.9985    0.9949    0.7686   0.01783   0.02021         0
   351/999     3.12G   0.01393   0.03179         0   0.04572        36       640    0.8626    0.9985    0.9949    0.7679   0.01782   0.02021         0
   352/999     3.12G   0.01381   0.03044         0   0.04425        35       640    0.8635    0.9985    0.9949    0.7687    0.0178   0.02021         0
   353/999     3.12G   0.01357   0.03157         0   0.04515        35       640    0.8672    0.9985    0.9949    0.7696    0.0178    0.0202         0
   354/999     3.12G   0.01383   0.03054         0   0.04436        41       640    0.8639    0.9985     0.995    0.7698    0.0178   0.02022         0
   355/999     3.12G   0.01386   0.03121         0   0.04507        34       640    0.8632    0.9985     0.995     0.771    0.0178   0.02023         0
   356/999     3.12G   0.01371   0.03114         0   0.04485        44       640    0.8656    0.9985     0.995    0.7703    0.0178   0.02022         0
   357/999     3.12G   0.01377   0.03028         0   0.04405        30       640    0.8636    0.9985     0.995    0.7708    0.0178   0.02024         0
   358/999     3.12G   0.01356   0.03067         0   0.04423        33       640    0.8646    0.9985     0.995    0.7712    0.0178   0.02025         0
   359/999     3.12G   0.01392   0.03149         0   0.04541        36       640    0.8651    0.9985     0.995    0.7722   0.01779   0.02024         0
   360/999     3.12G   0.01362    0.0307         0   0.04432        39       640    0.8662    0.9985     0.995    0.7719   0.01779   0.02025         0
   361/999     3.12G   0.01399   0.03107         0   0.04506        36       640    0.8673    0.9985     0.995    0.7714   0.01778   0.02025         0
   362/999     3.12G   0.01339   0.03062         0     0.044        43       640    0.8664    0.9985    0.9951    0.7704   0.01777   0.02024         0
   363/999     3.12G   0.01352   0.03046         0   0.04397        30       640    0.8664    0.9985     0.995    0.7705   0.01776   0.02024         0
   364/999     3.12G   0.01348   0.03074         0   0.04421        36       640    0.8666    0.9985     0.995    0.7695   0.01776   0.02025         0
   365/999     3.12G   0.01361   0.03077         0   0.04439        31       640    0.8694    0.9985     0.995    0.7698   0.01775   0.02024         0
