     0/999      2.4G   0.06687     0.288         0    0.3548        57       640    0.2631    0.1689    0.1039   0.02251    0.0921  0.008447         0
     1/999     2.37G   0.05626  0.006495         0   0.06275        37       640    0.6638    0.8181    0.8033    0.3921   0.06209  0.005723         0
     2/999     2.37G   0.03952  0.004342         0   0.04387        38       640    0.9427    0.9655    0.9777     0.545   0.04905  0.005162         0
     3/999     2.37G   0.03322  0.004129         0   0.03735        35       640    0.9619    0.9849     0.991     0.593   0.04162  0.005117         0
     4/999     2.37G   0.03056  0.003954         0   0.03451        34       640    0.9641     0.973    0.9897    0.5796   0.04388  0.005496         0
     5/999     2.37G   0.03302  0.004006         0   0.03702        43       640    0.9474    0.9458    0.9724    0.5807   0.05319  0.005698         0
     6/999     2.37G   0.03373  0.004028         0   0.03776        46       640    0.9661    0.9426    0.9821    0.6441   0.04829  0.006484         0
     7/999     2.37G   0.03233   0.00386         0   0.03619        41       640    0.9716     0.976    0.9911    0.6409    0.0436   0.00693         0
     8/999     2.37G   0.03058  0.003831         0   0.03441        44       640    0.9589     0.982    0.9876    0.6136    0.0469  0.007257         0
     9/999     2.37G   0.03184  0.003845         0   0.03568        42       640    0.9583    0.9775    0.9897    0.6891    0.0471  0.006483         0
    10/999     2.37G   0.02949  0.003684         0   0.03317        58       640    0.9776    0.9865    0.9916    0.6077   0.04794  0.006401         0
    11/999     2.37G   0.03137   0.00375         0   0.03512        37       640    0.9459     0.973    0.9838    0.5884   0.04836  0.006415         0
    12/999     2.37G    0.0288  0.003788         0   0.03259        46       640    0.9614    0.9714    0.9893    0.6828   0.04892  0.006162         0
    13/999     2.37G   0.02793  0.003727         0   0.03166        36       640    0.8588    0.8948    0.9477    0.6414   0.04821  0.008604         0
    14/999     2.37G   0.02745  0.003714         0   0.03116        38       640     0.956     0.982    0.9899    0.6308   0.05043  0.007078         0
    15/999     2.37G   0.02701  0.003648         0   0.03065        46       640    0.9758    0.9684    0.9912    0.6985   0.04583  0.006957         0
    16/999     2.37G   0.02682  0.003552         0   0.03037        52       640    0.9561     0.982     0.984    0.6805   0.04719  0.006107         0
    17/999     2.37G   0.02595  0.003474         0   0.02942        40       640    0.9555    0.9683    0.9846    0.6819   0.04876   0.00663         0
    18/999     2.37G   0.02615  0.003536         0   0.02969        49       640    0.9394    0.9307    0.9732    0.6153   0.04816  0.008433         0
    19/999     2.37G   0.02765  0.003872         0   0.03152        28       640    0.9664    0.9595    0.9872    0.6308   0.04655  0.008326         0
    20/999     2.37G   0.02694  0.003626         0   0.03057        42       640    0.9145     0.964    0.9708    0.6263   0.04035   0.00871         0
    21/999     2.37G   0.02568   0.00343         0   0.02911        41       640    0.9734    0.9909    0.9922    0.7084   0.03812  0.008439         0
    22/999     2.37G   0.02544  0.003517         0   0.02896        44       640    0.9481     0.988    0.9826     0.649    0.0541  0.005861         0
    23/999     2.37G   0.02841  0.003539         0   0.03195        30       640    0.9632    0.9835    0.9914    0.6714   0.05162  0.006135         0
    24/999     2.37G   0.02965  0.003812         0   0.03346        35       640    0.9051    0.9174    0.9577    0.6451   0.05154  0.006865         0
    25/999     2.37G   0.02857  0.003732         0    0.0323        23       640    0.9564    0.9563    0.9847    0.6726    0.0509  0.006358         0
    26/999     2.37G   0.02609  0.003622         0   0.02971        30       640    0.9356    0.9158    0.9635    0.6307   0.04131  0.008059         0
    27/999     2.37G   0.02699  0.003622         0   0.03061        34       640    0.7556    0.7688    0.8105    0.4985   0.05599  0.009522         0
    28/999     2.37G   0.02594   0.00381         0   0.02975        33       640     0.959    0.9835    0.9894    0.6727   0.05637  0.005576         0
    29/999     2.37G   0.02756  0.003728         0   0.03129        39       640    0.9549    0.9534    0.9861    0.6713   0.05845  0.005857         0
    30/999     2.37G   0.02559  0.003796         0   0.02938        32       640    0.9101     0.982    0.9825    0.6709   0.05129  0.006534         0
    31/999     2.37G   0.03027  0.003786         0   0.03405        41       640    0.9456    0.9925    0.9896    0.7056   0.05487  0.005594         0
    32/999     2.37G   0.02738  0.003542         0   0.03092        36       640    0.9601    0.9775    0.9888    0.6497   0.05209   0.00609         0
    33/999     2.37G   0.02673  0.003423         0   0.03015        40       640    0.9719    0.9895    0.9878    0.6749   0.04947  0.006117         0
    34/999     2.37G   0.02565   0.00342         0   0.02907        41       640    0.9759    0.9729    0.9866      0.68   0.05124  0.006004         0
    35/999     2.37G   0.02367  0.003486         0   0.02715        34       640    0.9615    0.9368     0.978    0.6663   0.05959  0.005228         0
    36/999     2.37G   0.02638  0.003475         0   0.02985        32       640    0.9775    0.9788    0.9922     0.695   0.05121  0.005732         0
    37/999     2.37G   0.02589  0.003541         0   0.02943        43       640    0.9468     0.988    0.9889    0.6938   0.05561  0.005359         0
    38/999     2.37G   0.02666  0.003342         0      0.03        42       640    0.9706    0.9955    0.9932    0.7006   0.04638  0.006355         0
    39/999     2.37G   0.02844   0.00335         0   0.03179        33       640    0.9551    0.9893    0.9827    0.6673   0.04468  0.006867         0
    40/999     2.37G   0.02628  0.003533         0   0.02982        51       640    0.9835     0.991    0.9938    0.7229   0.04204   0.00694         0
    41/999     2.37G   0.02315  0.003516         0   0.02666        32       640    0.9661    0.9429    0.9836    0.6901   0.04712   0.00727         0
    42/999     2.37G   0.02517  0.003359         0   0.02853        31       640    0.9665    0.9969    0.9912    0.7035   0.04842  0.006749         0
    43/999     2.37G   0.02386  0.003418         0   0.02728        45       640    0.9313    0.9565    0.9785    0.6378   0.04511   0.00898         0
    44/999     2.37G   0.03005  0.003672         0   0.03372        42       640    0.9441    0.9895    0.9901    0.6996    0.0376  0.009595         0
    45/999     2.37G   0.02452  0.003523         0   0.02804        48       640    0.9778    0.9909    0.9924    0.6821   0.04122  0.008392         0
    46/999     2.37G   0.02656  0.003388         0   0.02995        50       640    0.9806    0.9862    0.9937    0.6767   0.04725  0.006255         0
    47/999     2.37G   0.02501  0.003314         0   0.02833        39       640    0.9586     0.976    0.9875    0.6498   0.05517  0.006082         0
    48/999     2.37G   0.02609  0.003305         0   0.02939        40       640    0.9762    0.9865    0.9938    0.6805   0.05468  0.005318         0
    49/999     2.37G   0.02542  0.003354         0   0.02878        38       640    0.9705    0.9895    0.9923     0.717   0.04513  0.006553         0
    50/999     2.37G   0.02537  0.003244         0   0.02862        33       640     0.973     0.976    0.9925    0.7173    0.0575  0.005405         0
    51/999     2.37G   0.02367  0.003229         0    0.0269        32       640    0.9847    0.9715    0.9925    0.6914   0.05603  0.005393         0
    52/999     2.37G   0.02544   0.00331         0   0.02875        48       640    0.9703    0.9835    0.9921    0.6861   0.05115  0.006353         0
    53/999     2.37G   0.02558  0.003238         0   0.02882        38       640    0.9763    0.9893    0.9929    0.6873   0.04554  0.006782         0
    54/999     2.37G   0.02348  0.003255         0   0.02674        37       640    0.9821    0.9879    0.9929    0.6807   0.04589  0.007094         0
    55/999     2.37G   0.02429  0.003244         0   0.02753        29       640    0.9865     0.991    0.9948    0.7062   0.04356   0.00723         0
    56/999     2.37G   0.02412  0.003281         0    0.0274        37       640    0.9794     0.997    0.9945    0.7092   0.03949  0.007676         0
    57/999     2.37G   0.02354   0.00319         0   0.02673        33       640    0.9676    0.9864    0.9887    0.7048   0.04749  0.006785         0
    58/999     2.37G   0.02489   0.00313         0   0.02802        31       640    0.9762    0.9864    0.9927    0.6851   0.04507  0.007281         0
    59/999     2.37G   0.02404  0.003183         0   0.02722        41       640    0.9677     0.991    0.9916    0.7059   0.04353  0.008097         0
    60/999     2.37G   0.02472  0.003309         0   0.02803        36       640    0.9807    0.9924    0.9898    0.6986   0.04981  0.006715         0
    61/999     2.37G   0.02266  0.003292         0   0.02596        48       640    0.9792    0.9909     0.993    0.7058   0.04478  0.007156         0
    62/999     2.37G   0.02197  0.003116         0   0.02509        27       640    0.9764    0.9918    0.9934    0.6861   0.04217  0.007935         0
    63/999     2.37G   0.02344  0.003162         0   0.02661        56       640    0.9776     0.985    0.9929    0.7275   0.03437  0.008788         0
    64/999     2.37G    0.0226  0.003123         0   0.02573        42       640    0.9807     0.997    0.9943    0.7183   0.03568  0.009075         0
    65/999     2.37G   0.02322  0.003116         0   0.02634        47       640    0.9849     0.982    0.9933    0.6955   0.03758  0.008948         0
    66/999     2.37G    0.0227  0.003077         0   0.02577        41       640    0.9776     0.988    0.9925    0.6942   0.03337  0.009244         0
    67/999     2.37G   0.02268  0.003016         0    0.0257        27       640    0.9749     0.991    0.9939    0.6928   0.03363  0.009436         0
    68/999     2.37G   0.02279  0.003091         0   0.02588        50       640    0.9793    0.9954    0.9939     0.705   0.03951  0.008151         0
    69/999     2.37G   0.02188  0.003106         0   0.02499        36       640    0.9791    0.9865    0.9901    0.7056   0.03228  0.009872         0
    70/999     2.37G   0.02282  0.003116         0   0.02594        28       640    0.9745    0.9772    0.9913    0.6896   0.04949  0.006746         0
    71/999     2.37G   0.02247  0.003057         0   0.02553        35       640    0.9894    0.9833    0.9918    0.7105   0.03776  0.008298         0
    72/999     2.37G   0.02196  0.003114         0   0.02507        44       640    0.9878     0.985    0.9923    0.7145   0.03599  0.008437         0
    73/999     2.37G   0.02038   0.00315         0   0.02353        32       640    0.9778     0.991    0.9932    0.7054   0.03804  0.008063         0
    74/999     2.37G   0.02162  0.003007         0   0.02463        27       640    0.9848     0.988    0.9926    0.7098   0.03634  0.008912         0
    75/999     2.37G    0.0204  0.003048         0   0.02345        41       640     0.988    0.9865    0.9946    0.7221   0.03465  0.008574         0
    76/999     2.37G   0.02239  0.003114         0    0.0255        26       640    0.9863     0.982    0.9929    0.7017   0.03906   0.00854         0
    77/999     2.37G   0.02074  0.003039         0   0.02378        45       640    0.9792    0.9925    0.9931    0.7127   0.03303  0.009138         0
    78/999     2.37G   0.02156  0.003024         0   0.02458        35       640    0.9919     0.982    0.9942    0.7048   0.03345  0.009122         0
    79/999     2.37G   0.02188  0.003177         0   0.02505        31       640    0.9777    0.9925    0.9936    0.7056   0.03206  0.009486         0
    80/999     2.37G   0.02206  0.003017         0   0.02508        36       640    0.9881    0.9955    0.9942    0.7071   0.03983  0.008076         0
    81/999     2.37G   0.02181  0.003045         0   0.02486        37       640    0.9718    0.9832    0.9924    0.7019   0.03998  0.008109         0
    82/999     2.37G   0.02029  0.003108         0   0.02339        32       640     0.985     0.994    0.9937    0.7114   0.03515   0.00869         0
    83/999     2.37G   0.02183  0.003033         0   0.02486        57       640    0.9864     0.988    0.9931    0.7084   0.03374  0.009089         0
    84/999     2.37G   0.02242  0.003111         0   0.02553        42       640     0.988    0.9909    0.9937    0.7028   0.03211  0.008893         0
    85/999     2.37G   0.02107  0.003033         0    0.0241        44       640    0.9835    0.9925    0.9944    0.7096    0.0307  0.009171         0
    86/999     2.37G   0.02273  0.003064         0    0.0258        26       640    0.9806    0.9849    0.9929    0.7072   0.03307    0.0093         0
    87/999     2.37G   0.02179  0.003085         0   0.02487        33       640     0.988     0.988    0.9938    0.7083   0.03618  0.008665         0
    88/999     2.37G   0.02197  0.003075         0   0.02505        57       640    0.9879    0.9835    0.9947    0.7191    0.0365   0.00824         0
    89/999     2.37G   0.02136  0.003066         0   0.02443        38       640    0.9865    0.9894    0.9944    0.7103   0.03749  0.008313         0
    90/999     2.37G   0.02153  0.003033         0   0.02456        36       640    0.9764    0.9925    0.9932    0.7124   0.03343  0.008646         0
    91/999     2.37G   0.02074  0.003078         0   0.02382        41       640    0.9822    0.9955    0.9943    0.7152   0.03426  0.008205         0
    92/999     2.37G   0.02197  0.003155         0   0.02512        47       640     0.991    0.9877    0.9944    0.7155   0.04015  0.007603         0
    93/999     2.37G   0.02126  0.002965         0   0.02423        41       640    0.9793     0.994    0.9916    0.7126   0.03653  0.008161         0
    94/999     2.37G   0.02283  0.003046         0   0.02588        41       640    0.9895    0.9895    0.9937    0.7015   0.03416  0.008273         0
    95/999     2.37G    0.0231  0.003154         0   0.02626        35       640    0.9735    0.9925    0.9922    0.7106   0.03424   0.00839         0
    96/999     2.37G   0.02169  0.003079         0   0.02477        41       640    0.9793    0.9939    0.9934    0.7065   0.03688  0.007997         0
    97/999     2.37G   0.02078  0.002957         0   0.02374        40       640    0.9865    0.9895    0.9929    0.7182   0.03492  0.008157         0
    98/999     2.37G   0.02166  0.003143         0   0.02481        30       640    0.9865    0.9865    0.9928    0.7254   0.03688  0.008045         0
    99/999     2.37G   0.02063  0.003048         0   0.02367        40       640    0.9745    0.9756    0.9921    0.7166   0.03898    0.0079         0
   100/999     2.37G   0.02109  0.003072         0   0.02416        35       640    0.9879    0.9819    0.9939    0.7276   0.03585  0.008074         0
   101/999     2.37G   0.02173  0.003211         0   0.02494        39       640    0.9909    0.9846     0.994    0.7268   0.03502   0.00808         0
   102/999     2.37G   0.02091  0.003115         0   0.02403        42       640    0.9836    0.9879    0.9936    0.7095   0.03538  0.008695         0
   103/999     2.37G   0.02246  0.003065         0   0.02552        30       640    0.9835    0.9895    0.9936     0.721   0.03464  0.008529         0
   104/999     2.37G   0.02218  0.002996         0   0.02517        38       640    0.9866    0.9924    0.9924    0.7142   0.03583  0.008519         0
   105/999     2.37G   0.02023  0.002996         0   0.02323        39       640    0.9804    0.9865    0.9924    0.7208   0.03523   0.00889         0
   106/999     2.37G   0.02061  0.003026         0   0.02364        38       640    0.9693     0.997    0.9943     0.714    0.0331  0.008466         0
   107/999     2.37G   0.02137  0.003151         0   0.02452        39       640    0.9821    0.9865    0.9939    0.7149   0.03519  0.008381         0
   108/999     2.37G   0.02186    0.0031         0   0.02496        27       640    0.9865     0.988    0.9921    0.7069   0.03834  0.008068         0
   109/999     2.37G   0.02002  0.002858         0   0.02288        27       640    0.9735     0.994    0.9931    0.7031   0.03343    0.0084         0
   110/999     2.37G   0.02265  0.003061         0   0.02572        36       640    0.9764    0.9955    0.9935    0.7112   0.03446  0.008161         0
   111/999     2.37G   0.02021  0.002967         0   0.02317        28       640    0.9734     0.991    0.9911    0.7117   0.03478  0.008227         0
   112/999     2.37G   0.02073  0.002922         0   0.02365        52       640     0.982    0.9895    0.9928    0.7149   0.03896  0.007911         0
   113/999     2.37G   0.02167   0.00293         0    0.0246        49       640    0.9851     0.994    0.9939    0.7017   0.03923  0.007793         0
   114/999     2.37G   0.02064  0.002994         0   0.02363        40       640     0.988    0.9863    0.9926     0.704   0.03694  0.007882         0
   115/999     2.37G   0.02072  0.003098         0   0.02382        48       640    0.9865     0.991    0.9939    0.7223   0.03603    0.0083         0
   116/999     2.37G    0.0195   0.00293         0   0.02243        38       640    0.9807     0.991    0.9929    0.7045   0.03487  0.008281         0
   117/999     2.37G   0.02052  0.003078         0    0.0236        45       640     0.988     0.991    0.9945    0.7098   0.03706  0.008282         0
   118/999     2.37G   0.02097   0.00303         0     0.024        43       640    0.9924     0.991    0.9943    0.7142   0.03479  0.008529         0
   119/999     2.37G   0.02081  0.003069         0   0.02388        42       640    0.9851    0.9955    0.9939    0.7166   0.03488  0.008588         0
   120/999     2.37G    0.0202   0.00304         0   0.02324        37       640    0.9808    0.9955    0.9945    0.7263   0.03306  0.008476         0
   121/999     2.37G   0.02052  0.002971         0    0.0235        30       640    0.9822    0.9955    0.9933     0.709   0.03344  0.008321         0
   122/999     2.37G   0.02036  0.003035         0   0.02339        43       640    0.9822    0.9954    0.9943    0.7167   0.03511  0.008262         0
   123/999     2.37G   0.01913  0.003081         0   0.02221        39       640     0.988     0.991    0.9939    0.7228   0.03361  0.008468         0
   124/999     2.37G   0.02017  0.002942         0   0.02311        34       640    0.9821     0.991    0.9933     0.689   0.03511  0.008534         0
   125/999     2.37G    0.0202  0.002905         0    0.0231        35       640    0.9908    0.9925    0.9944    0.7009   0.03692  0.008728         0
   126/999     2.37G   0.02138  0.003093         0   0.02447        33       640    0.9821     0.994     0.994    0.7186   0.03631   0.00884         0
   127/999     2.37G   0.01974  0.003015         0   0.02275        48       640    0.9865     0.991    0.9945    0.7166   0.03417  0.008774         0
   128/999     2.37G   0.01974  0.002899         0   0.02264        31       640    0.9821     0.991    0.9937    0.7063   0.03505  0.008278         0
   129/999     2.37G   0.02125  0.003042         0   0.02429        57       640    0.9866    0.9924    0.9938    0.7006   0.03478  0.008365         0
   130/999     2.37G   0.02114  0.003025         0   0.02416        50       640    0.9821    0.9895    0.9942    0.7057   0.03402   0.00844         0
   131/999     2.37G   0.02103  0.003032         0   0.02407        29       640    0.9864    0.9835    0.9939    0.7076   0.03379  0.008574         0
   132/999     2.37G   0.02063  0.002988         0   0.02362        25       640    0.9851    0.9955     0.994    0.7041   0.03304  0.009066         0
   133/999     2.37G   0.02092   0.00297         0   0.02389        37       640    0.9822    0.9955    0.9943    0.7109   0.03767  0.008149         0
   134/999     2.37G   0.02043  0.003012         0   0.02344        50       640    0.9881         1    0.9944    0.7056   0.03578  0.008382         0
   135/999     2.37G   0.02013   0.00297         0    0.0231        45       640    0.9925    0.9954    0.9945    0.7188   0.03338  0.008818         0
   136/999     2.37G   0.02012  0.003069         0   0.02318        48       640    0.9793     0.997    0.9937    0.7115    0.0353  0.008592         0
   137/999     2.37G   0.01931  0.002963         0   0.02227        35       640    0.9851     0.991    0.9939    0.7139   0.03236  0.009135         0
   138/999     2.37G   0.01872    0.0029         0   0.02162        42       640    0.9836    0.9955    0.9945    0.7252   0.03208  0.009122         0
   139/999     2.37G   0.02135  0.002999         0   0.02435        45       640    0.9806    0.9895    0.9935    0.7044   0.03334  0.008942         0
   140/999     2.37G   0.02089  0.002983         0   0.02387        29       640    0.9792     0.991    0.9938    0.7326   0.03008  0.008997         0
   141/999     2.37G    0.0202  0.002945         0   0.02314        32       640    0.9865     0.991    0.9944    0.7347   0.03081  0.008736         0
   142/999     2.37G   0.02063  0.002905         0   0.02354        42       640    0.9821     0.991    0.9934    0.7179   0.03354  0.008927         0
   143/999     2.37G   0.02082  0.002973         0    0.0238        33       640    0.9836    0.9894    0.9935     0.723   0.03379  0.008679         0
   144/999     2.37G   0.02005  0.003074         0   0.02313        59       640     0.988     0.994    0.9944    0.7224   0.03372  0.008788         0
   145/999     2.37G   0.02059  0.002931         0   0.02352        27       640    0.9823         1     0.994    0.7208   0.03236  0.008932         0
   146/999     2.37G   0.02018  0.002987         0   0.02317        41       640    0.9836    0.9925    0.9937    0.7153   0.03401  0.008908         0
   147/999     2.37G   0.01978  0.002979         0   0.02276        30       640    0.9822         1    0.9944    0.7196   0.03222  0.008966         0
   148/999     2.37G   0.02024   0.00298         0   0.02322        41       640    0.9881     0.997    0.9946    0.7283   0.03192  0.008722         0
   149/999     2.37G   0.01996   0.00295         0   0.02291        48       640    0.9865    0.9925    0.9941    0.7222   0.03162  0.009134         0
   150/999     2.37G    0.0193  0.002896         0    0.0222        36       640    0.9765    0.9985     0.994    0.7206   0.03129  0.009165         0
   151/999     2.37G   0.02103   0.00304         0   0.02407        29       640    0.9837         1    0.9932     0.729   0.03038  0.008891         0
   152/999     2.37G   0.01975  0.003013         0   0.02276        34       640    0.9865    0.9895    0.9936    0.7254   0.03068  0.009123         0
   153/999     2.37G    0.0212  0.002991         0   0.02419        35       640    0.9864     0.988    0.9933    0.7305   0.03045  0.008963         0
   154/999     2.37G   0.01832  0.002867         0   0.02118        36       640    0.9909     0.991    0.9936    0.7299   0.03027  0.009088         0
   155/999     2.37G   0.01937    0.0029         0   0.02227        36       640    0.9794     0.997    0.9941    0.7274   0.03007  0.008966         0
   156/999     2.37G   0.01871  0.002859         0   0.02157        36       640    0.9851    0.9939    0.9939    0.7316   0.03175  0.008936         0
   157/999     2.37G   0.02001  0.002943         0   0.02296        34       640    0.9808         1    0.9936    0.7281   0.03015  0.009145         0
   158/999     2.37G    0.0199   0.00299         0   0.02289        54       640     0.975    0.9969     0.993    0.7132    0.0302  0.009254         0
   159/999     2.37G   0.01876  0.002901         0   0.02167        36       640    0.9866     0.994    0.9931    0.7149   0.02919  0.009191         0
   160/999     2.37G   0.02067  0.002924         0   0.02359        44       640    0.9852     0.997    0.9932    0.7345   0.02887  0.009118         0
   161/999     2.37G   0.01885  0.002936         0   0.02178        39       640     0.978         1    0.9937    0.7141   0.02964  0.009244         0
   162/999     2.37G   0.02019  0.002934         0   0.02312        31       640    0.9794         1    0.9943    0.7253   0.02936   0.00967         0
   163/999     2.37G    0.0207  0.002847         0   0.02355        48       640    0.9866    0.9939    0.9946    0.7387   0.02916  0.009441         0
   164/999     2.37G   0.02006  0.003013         0   0.02307        34       640    0.9881     0.994    0.9944    0.7283   0.02862   0.00964         0
   165/999     2.37G   0.02167  0.002968         0   0.02463        43       640    0.9837    0.9955    0.9941    0.7192   0.02925  0.009551         0
   166/999     2.37G   0.01914  0.002978         0   0.02211        55       640    0.9893    0.9865    0.9934    0.7224   0.02901  0.009324         0
   167/999     2.37G   0.01937  0.002956         0   0.02232        54       640    0.9866    0.9925    0.9937    0.7207   0.03035  0.008926         0
   168/999     2.37G   0.02003  0.002909         0   0.02294        38       640    0.9794    0.9985    0.9933    0.7367   0.02778  0.009152         0
   169/999     2.37G   0.01856  0.002804         0   0.02136        29       640    0.9851    0.9925     0.993    0.7367   0.02809  0.008929         0
   170/999     2.37G   0.01965  0.002851         0    0.0225        44       640    0.9851    0.9924    0.9929    0.7398   0.02943  0.009078         0
   171/999     2.37G   0.01867   0.00286         0   0.02153        35       640    0.9806     0.994    0.9931    0.7339   0.02847  0.009424         0
   172/999     2.37G   0.02009  0.002991         0   0.02308        39       640    0.9865    0.9925    0.9922    0.7312   0.02775  0.009432         0
   173/999     2.37G    0.0195  0.002947         0   0.02245        38       640    0.9866     0.994    0.9936    0.7352   0.02793   0.00938         0
   174/999     2.37G   0.01843  0.002876         0    0.0213        26       640    0.9866    0.9954    0.9937    0.7383   0.02902  0.009352         0
   175/999     2.37G   0.02113  0.002985         0   0.02411        51       640     0.991    0.9955    0.9941    0.7312   0.02875  0.009321         0
   176/999     2.37G   0.02116  0.002976         0   0.02413        48       640    0.9865     0.988    0.9934    0.7326   0.02885   0.00944         0
   177/999     2.37G   0.01986  0.002919         0   0.02278        34       640    0.9851    0.9924    0.9937    0.7381   0.02956  0.009467         0
   178/999     2.37G   0.01986  0.002994         0   0.02286        39       640    0.9822     0.994    0.9939    0.7386   0.03064  0.009012         0
   179/999     2.37G   0.01903  0.003007         0   0.02203        47       640    0.9879     0.997    0.9938    0.7335   0.02999  0.009071         0
   180/999     2.37G   0.01962  0.002888         0   0.02251        48       640    0.9779         1    0.9935    0.7363   0.02946  0.009184         0
   181/999     2.37G   0.01951  0.002928         0   0.02244        43       640    0.9765         1    0.9937    0.7345   0.02895  0.009277         0
   182/999     2.37G   0.01973  0.002859         0   0.02259        35       640    0.9865     0.991    0.9934    0.7263   0.02901  0.009151         0
   183/999     2.37G   0.02011  0.002887         0     0.023        39       640    0.9924     0.982    0.9926    0.7233   0.02849  0.009393         0
   184/999     2.37G   0.01946   0.00294         0    0.0224        32       640    0.9836    0.9909    0.9929    0.7245   0.03136  0.009109         0
   185/999     2.37G   0.01835  0.002884         0   0.02124        30       640    0.9866    0.9925    0.9931    0.7271   0.03086  0.009215         0
   186/999     2.37G   0.01961  0.002875         0   0.02249        31       640    0.9836     0.991    0.9923    0.7283   0.02957   0.00927         0
   187/999     2.37G   0.01992  0.002959         0   0.02288        38       640    0.9836     0.994    0.9917    0.7294   0.02965  0.009109         0
   188/999     2.37G   0.01916  0.002861         0   0.02202        41       640     0.991    0.9865    0.9916    0.7299   0.02908  0.009347         0
   189/999     2.37G   0.01967   0.00295         0   0.02262        35       640     0.988    0.9955    0.9931    0.7302    0.0289   0.00912         0
   190/999     2.37G   0.01881  0.002879         0   0.02169        40       640    0.9866    0.9985    0.9929    0.7378   0.02846  0.009144         0
   191/999     2.37G   0.01985  0.002968         0   0.02281        31       640    0.9895     0.994    0.9931    0.7362   0.02833  0.009114         0
   192/999     2.37G   0.01966  0.002843         0    0.0225        39       640    0.9837     0.997    0.9926     0.739   0.02883  0.009174         0
   193/999     2.37G   0.01884  0.002758         0   0.02159        43       640    0.9822     0.997     0.993    0.7369   0.02939  0.009168         0
   194/999     2.37G   0.01905  0.002856         0   0.02191        30       640    0.9895     0.994    0.9936    0.7439   0.02901  0.009213         0
   195/999     2.37G   0.01859  0.002923         0   0.02151        37       640    0.9881    0.9939    0.9936    0.7423   0.02934  0.009247         0
   196/999     2.37G   0.01933  0.003009         0   0.02234        37       640    0.9881    0.9955    0.9933    0.7421   0.02858  0.009377         0
   197/999     2.37G   0.01909  0.002838         0   0.02193        51       640    0.9851    0.9955    0.9937    0.7385   0.02865  0.009302         0
   198/999     2.37G   0.01934  0.002946         0   0.02229        37       640    0.9909     0.988    0.9937    0.7331   0.02859  0.009382         0
   199/999     2.37G   0.01897  0.002845         0   0.02182        45       640    0.9836    0.9925    0.9934    0.7358   0.02842  0.009476         0
   200/999     2.37G   0.01834  0.002828         0   0.02117        35       640    0.9851    0.9909     0.993    0.7383   0.02818  0.009436         0
   201/999     2.37G   0.01935  0.002843         0   0.02219        39       640     0.988    0.9925    0.9929    0.7437   0.02812  0.009444         0
   202/999     2.37G   0.01791  0.002781         0   0.02069        31       640    0.9881    0.9939    0.9932    0.7398   0.02784  0.009569         0
   203/999     2.37G   0.01893  0.002823         0   0.02176        32       640    0.9866    0.9954    0.9934    0.7469    0.0277  0.009613         0
   204/999     2.37G   0.01923  0.002923         0   0.02215        39       640    0.9836    0.9894    0.9935    0.7422   0.02854  0.009562         0
   205/999     2.37G   0.01852  0.002868         0   0.02138        38       640    0.9765         1    0.9935    0.7347   0.03087  0.009416         0
   206/999     2.37G   0.01956  0.002911         0   0.02247        47       640    0.9808    0.9985    0.9936    0.7366   0.03183  0.009281         0
   207/999     2.37G   0.01809  0.002857         0   0.02095        43       640    0.9837     0.997    0.9936    0.7388   0.03206  0.009272         0
   208/999     2.37G   0.01938  0.002975         0   0.02236        36       640    0.9881     0.997    0.9937    0.7384   0.03384  0.009034         0
   209/999     2.37G   0.01915  0.002864         0   0.02202        45       640    0.9837     0.997    0.9939    0.7362   0.03367  0.009006         0
   210/999     2.37G   0.01918  0.002882         0   0.02207        33       640    0.9823    0.9985    0.9935    0.7352   0.03216  0.009327         0
   211/999     2.37G   0.01961  0.002899         0   0.02251        44       640    0.9851    0.9939    0.9938    0.7363   0.03166  0.009448         0
   212/999     2.37G   0.01939  0.002843         0   0.02223        37       640    0.9866    0.9939    0.9938    0.7404   0.03145  0.009476         0
   213/999     2.37G   0.01946  0.002919         0   0.02238        27       640    0.9866     0.994    0.9932    0.7427   0.03136  0.009408         0
   214/999     2.37G   0.01925  0.002867         0   0.02211        42       640    0.9837         1     0.993    0.7392   0.03104   0.00946         0
   215/999     2.37G   0.02086  0.002972         0   0.02383        44       640    0.9808         1    0.9935    0.7334   0.03072  0.009562         0
   216/999     2.37G   0.01868  0.002836         0   0.02152        41       640    0.9881     0.997     0.994    0.7337   0.03131  0.009487         0
   217/999     2.37G   0.01921  0.002926         0   0.02213        31       640    0.9851    0.9985    0.9943    0.7353   0.02994   0.00975         0
   218/999     2.37G   0.01866  0.002876         0   0.02154        38       640    0.9866     0.997    0.9941    0.7397    0.0295  0.009838         0
   219/999     2.37G   0.01888  0.002861         0   0.02174        50       640    0.9852    0.9985    0.9929    0.7371   0.02873  0.009917         0
   220/999     2.37G   0.01842  0.002799         0   0.02122        26       640    0.9866    0.9955    0.9919    0.7362   0.02826  0.009965         0
   221/999     2.37G   0.01867  0.002841         0   0.02151        58       640    0.9851    0.9954     0.992    0.7349   0.02828   0.01003         0
   222/999     2.37G   0.01884  0.002866         0    0.0217        52       640    0.9925    0.9879    0.9925    0.7429   0.02832   0.01017         0
   223/999     2.37G   0.01887  0.002832         0    0.0217        49       640    0.9822     0.997    0.9929    0.7449   0.02818   0.01022         0
   224/999     2.37G   0.01959   0.00284         0   0.02243        38       640    0.9808    0.9985     0.993    0.7442   0.02757   0.01023         0
   225/999     2.37G   0.01846   0.00283         0   0.02129        37       640    0.9837     0.997    0.9927    0.7463   0.02726   0.01007         0
   226/999     2.37G   0.01907  0.002837         0   0.02191        32       640    0.9794         1    0.9929    0.7417   0.02675   0.01002         0
   227/999     2.37G   0.01827  0.002841         0   0.02111        41       640    0.9852    0.9985    0.9932     0.736   0.02667   0.01009         0
   228/999     2.37G   0.01834  0.002856         0   0.02119        33       640    0.9794     0.997    0.9932    0.7369   0.02602   0.01006         0
   229/999     2.37G   0.01908  0.002888         0   0.02197        29       640    0.9836    0.9925    0.9926    0.7342    0.0258   0.01002         0
   230/999     2.37G   0.01865  0.002725         0   0.02138        50       640    0.9779    0.9985    0.9929    0.7378   0.02576   0.01001         0
   231/999     2.37G   0.01945  0.002868         0   0.02231        41       640    0.9822     0.994    0.9928    0.7393   0.02596   0.01007         0
   232/999     2.37G   0.01844  0.003021         0   0.02146        31       640    0.9851    0.9924    0.9927    0.7366   0.02595   0.01014         0
   233/999     2.37G   0.01813  0.002898         0   0.02103        27       640    0.9823    0.9985    0.9924    0.7386   0.02594   0.01018         0
   234/999     2.37G   0.01882  0.002795         0   0.02161        38       640    0.9793    0.9985     0.993    0.7429    0.0262   0.01025         0
   235/999     2.37G    0.0184    0.0028         0    0.0212        38       640    0.9823         1    0.9927    0.7416   0.02659   0.01021         0
   236/999     2.37G   0.01812  0.002859         0   0.02098        40       640    0.9808         1    0.9931    0.7436   0.02712   0.01022         0
   237/999     2.37G   0.01952  0.002833         0   0.02235        44       640    0.9808    0.9985    0.9933    0.7448   0.02737   0.01018         0
   238/999     2.37G   0.01855  0.002732         0   0.02128        48       640    0.9809         1    0.9934    0.7446   0.02787    0.0101         0
   239/999     2.37G   0.01892  0.002798         0   0.02172        32       640    0.9794    0.9985    0.9932    0.7467   0.02822  0.009984         0
   240/999     2.37G   0.01879  0.002873         0   0.02166        36       640    0.9837     0.997    0.9935    0.7474   0.02857  0.009846         0
   241/999     2.37G   0.01888  0.002842         0   0.02172        48       640     0.988    0.9924    0.9935    0.7453   0.02888  0.009813         0
   242/999     2.37G   0.01892  0.002894         0   0.02181        32       640     0.985    0.9925    0.9932     0.746   0.02832  0.009856         0
   243/999     2.37G   0.01915  0.002837         0   0.02199        24       640    0.9895    0.9895     0.993    0.7438   0.02778  0.009901         0
   244/999     2.37G   0.01858  0.002876         0   0.02146        42       640    0.9895     0.988     0.993    0.7401   0.02743   0.00997         0
   245/999     2.26G   0.02055   0.00296         0   0.02351        57       640    0.9908     0.994    0.9926    0.7423   0.02727   0.01008         0
   246/999     2.47G   0.01993  0.002935         0   0.02287        37       640     0.991    0.9955    0.9929    0.7442   0.02705   0.01015         0
   247/999     2.47G   0.01829  0.002794         0   0.02109        38       640    0.9866    0.9985    0.9933    0.7477   0.02687    0.0102         0
   248/999     2.47G   0.01896  0.002847         0   0.02181        35       640    0.9896    0.9955    0.9933    0.7444   0.02694    0.0102         0
   249/999     2.47G   0.01883  0.002867         0   0.02169        34       640     0.991    0.9925    0.9933    0.7433   0.02707   0.01017         0
   250/999     2.47G   0.01783  0.002838         0   0.02067        43       640     0.991    0.9925    0.9938    0.7417   0.02694   0.01016         0
   251/999     2.47G   0.01871  0.002863         0   0.02158        46       640    0.9881     0.997    0.9938    0.7466   0.02705   0.01002         0
   252/999     2.47G   0.01943  0.002732         0   0.02217        41       640     0.991     0.994     0.994    0.7501   0.02707   0.01001         0
   253/999     2.47G   0.01841  0.002749         0   0.02116        44       640    0.9895     0.991    0.9939    0.7479   0.02696   0.01011         0
   254/999     2.47G   0.01894  0.002832         0   0.02177        42       640     0.988     0.991    0.9938    0.7444   0.02694    0.0101         0
   255/999     2.47G   0.01878  0.002815         0    0.0216        58       640    0.9852     0.997    0.9939    0.7463   0.02669   0.01009         0
   256/999     2.47G   0.01902  0.002824         0   0.02185        37       640    0.9837     0.997    0.9941    0.7491   0.02632   0.01011         0
   257/999     2.47G   0.01844  0.002809         0   0.02125        46       640    0.9851     0.997    0.9942    0.7473   0.02611   0.01017         0
   258/999     2.47G   0.01837  0.002836         0   0.02121        36       640    0.9866    0.9955    0.9941    0.7492   0.02585   0.01013         0
   259/999     2.47G   0.01885  0.002829         0   0.02168        38       640    0.9866     0.997    0.9941    0.7463   0.02572   0.01017         0
   260/999     2.47G   0.01862  0.002864         0   0.02149        46       640    0.9881    0.9955    0.9942    0.7421   0.02576    0.0102         0
   261/999     2.47G   0.01834  0.002746         0   0.02108        52       640    0.9881    0.9955    0.9943    0.7436   0.02584   0.01022         0
   262/999     2.47G    0.0184  0.002738         0   0.02114        40       640    0.9865     0.994    0.9942    0.7454   0.02576   0.01029         0
   263/999     2.47G   0.01785  0.002811         0   0.02066        49       640    0.9881     0.997    0.9943    0.7438   0.02572   0.01029         0
   264/999     2.47G   0.01893  0.002824         0   0.02176        28       640     0.988     0.997    0.9945    0.7431    0.0257    0.0103         0
   265/999     2.47G    0.0185  0.002865         0   0.02137        42       640    0.9881    0.9969    0.9944    0.7407   0.02589   0.01032         0
   266/999     2.47G   0.01851   0.00281         0   0.02132        41       640    0.9866     0.997    0.9943    0.7404   0.02589   0.01039         0
   267/999     2.47G   0.01822  0.002976         0   0.02119        44       640    0.9837    0.9955    0.9942    0.7413    0.0259   0.01042         0
   268/999     2.47G   0.01877  0.002867         0   0.02164        30       640    0.9837    0.9955    0.9943    0.7427   0.02567   0.01045         0
   269/999     2.47G   0.01846  0.002831         0   0.02129        35       640    0.9881    0.9955    0.9944    0.7446   0.02548   0.01042         0
   270/999     2.47G   0.01927  0.002804         0   0.02208        23       640     0.991    0.9954    0.9943    0.7441    0.0252   0.01034         0
   271/999     2.47G   0.01784  0.002853         0   0.02069        30       640    0.9896     0.997     0.994    0.7424   0.02513   0.01026         0
   272/999     2.47G   0.01831  0.002847         0   0.02116        34       640    0.9925    0.9955     0.994    0.7409   0.02491   0.01019         0
   273/999     2.47G    0.0188  0.002929         0   0.02173        33       640     0.991     0.997    0.9942    0.7412   0.02477   0.01022         0
   274/999     2.47G   0.01849  0.002854         0   0.02134        39       640     0.991     0.997    0.9941    0.7388   0.02458   0.01027         0
   275/999     2.47G   0.01787  0.002876         0   0.02075        32       640    0.9896     0.997    0.9941    0.7377   0.02449   0.01026         0
   276/999     2.47G   0.01823  0.002786         0   0.02102        41       640     0.991     0.997    0.9941    0.7415   0.02464   0.01027         0
   277/999     2.47G   0.01855  0.002827         0   0.02137        36       640     0.991    0.9955    0.9941    0.7396   0.02488   0.01031         0
   278/999     2.47G   0.01748  0.002771         0   0.02025        40       640    0.9895    0.9955    0.9942    0.7392   0.02514   0.01028         0
   279/999     2.47G   0.01806  0.002927         0   0.02099        41       640    0.9939     0.991    0.9939    0.7383   0.02542   0.01025         0
   280/999     2.47G   0.01849  0.002833         0   0.02133        34       640    0.9939     0.991    0.9938    0.7382   0.02556   0.01021         0
   281/999     2.47G   0.01789  0.002746         0   0.02064        32       640    0.9939     0.991    0.9939    0.7419   0.02546    0.0102         0
   282/999     2.47G   0.01742  0.002783         0   0.02021        43       640     0.991    0.9955     0.994    0.7423   0.02524   0.01017         0
   283/999     2.47G   0.01862  0.002804         0   0.02142        42       640    0.9925     0.994     0.994    0.7409   0.02513   0.01009         0
   284/999     2.47G    0.0193  0.002888         0   0.02219        33       640     0.991     0.994    0.9939    0.7431   0.02508   0.01005         0
   285/999     2.47G   0.01819   0.00282         0   0.02101        51       640    0.9895    0.9955     0.994    0.7456   0.02466   0.01005         0
   286/999     2.47G   0.01775  0.002792         0   0.02054        32       640    0.9881     0.997    0.9941     0.745   0.02454   0.01004         0
   287/999     2.47G   0.01764  0.002697         0   0.02033        31       640    0.9881     0.997    0.9942    0.7457   0.02464   0.01002         0
   288/999     2.47G   0.01794  0.002832         0   0.02077        45       640    0.9881     0.997    0.9942    0.7475   0.02484  0.009941         0
   289/999     2.47G   0.01923  0.002829         0   0.02206        42       640    0.9896     0.997    0.9942    0.7496   0.02526  0.009887         0
   290/999     2.47G   0.01803  0.002831         0   0.02086        48       640    0.9881     0.997    0.9941    0.7514   0.02537  0.009903         0
   291/999     2.47G   0.01757  0.002743         0   0.02031        50       640     0.988     0.997    0.9941     0.753   0.02512  0.009927         0
   292/999     2.47G    0.0173  0.002716         0   0.02001        39       640    0.9866     0.997    0.9943    0.7538   0.02491  0.009956         0
   293/999     2.47G   0.01752  0.002778         0    0.0203        40       640    0.9866    0.9969    0.9942    0.7541   0.02479  0.009991         0
   294/999     2.47G   0.01868  0.002804         0   0.02148        38       640     0.991     0.994    0.9942    0.7532   0.02471   0.01001         0
   295/999     2.47G     0.018  0.002751         0   0.02075        33       640    0.9894     0.994    0.9943    0.7534   0.02479  0.009967         0
   296/999     2.47G   0.01772  0.002775         0   0.02049        32       640    0.9852    0.9985    0.9944    0.7543   0.02473  0.009922         0
   297/999     2.47G   0.01885  0.002876         0   0.02173        48       640    0.9852    0.9985    0.9944    0.7527   0.02477  0.009858         0
   298/999     2.47G   0.01812  0.002804         0   0.02093        38       640     0.994     0.991    0.9944     0.755    0.0249  0.009799         0
   299/999     2.47G   0.01771  0.002807         0   0.02052        37       640    0.9852    0.9985    0.9944    0.7538   0.02504  0.009763         0
   300/999     2.47G   0.01791  0.002844         0   0.02075        29       640    0.9909     0.994    0.9944    0.7544   0.02519  0.009726         0
